40 0 0 49 1 0 8 0 36 0 0 3 37 29 0 0 11 0 33 43 31 6 28 5 0 47 0 4 12 0 0 0 35 18 0 2 0 19 27 48 0 23 46 41 0 0 10 22 0
0 33 43 15 21 0 11 10 41 34 22 46 30 25 17 6 0 0 5 0 28 35 12 26 0 16 18 0 0 14 29 36 20 0 3 8 32 0 49 1 9 0 19 2 0 0 0 0 0
0 0 24 27 48 0 2 35 42 12 16 0 18 45 49 32 8 0 44 9 0 38 31 33 11 21 15 0 28 0 4 39 6 17 0 41 0 46 0 0 25 34 0 0 37 29 20 14 13
13 3 0 0 0 20 36 38 0 31 21 33 0 43 0 10 41 22 0 0 34 0 23 0 2 0 0 24 40 0 9 8 32 49 44 42 35 0 18 0 0 12 0 39 17 4 6 47 28
34 46 25 30 22 0 41 6 0 28 47 5 17 4 27 0 2 0 19 24 23 32 40 44 8 1 49 9 0 21 43 11 38 15 33 0 20 3 0 14 29 13 26 42 0 45 35 16 12
28 5 4 17 0 6 0 7 2 23 0 19 27 24 0 35 0 16 0 0 12 20 13 3 36 14 0 0 34 22 0 41 0 30 46 11 38 33 0 0 0 31 0 8 49 9 32 1 40
12 26 45 18 16 35 0 32 8 0 0 44 0 9 37 0 36 14 0 29 13 10 0 46 41 22 30 0 23 48 0 2 7 27 19 39 0 0 17 0 4 28 33 11 0 0 38 21 0
0 28 49 6 0 47 0 48 19 24 36 23 7 0 35 16 0 11 12 15 45 14 0 0 0 0 20 17 0 42 0 46 22 10 34 0 0 31 38 2 27 43 40 0 32 0 1 41 9
9 40 30 32 41 0 44 14 0 29 39 0 20 17 38 21 33 2 31 0 43 47 0 28 5 8 0 49 45 0 15 26 16 35 12 0 48 23 0 36 37 24 34 0 0 18 0 42 25
43 31 0 38 2 21 33 22 0 25 42 0 10 18 6 0 5 8 0 49 0 16 45 0 26 11 35 15 29 39 0 3 14 20 0 44 0 40 0 41 30 9 23 19 7 37 48 36 0
45 12 15 35 11 0 26 1 0 9 41 40 0 0 20 14 0 0 0 17 29 22 25 34 0 42 10 18 0 0 37 19 0 7 23 5 0 0 6 0 0 4 0 33 0 27 21 2 43
29 13 17 20 39 14 3 21 33 43 2 31 38 0 10 22 0 42 34 18 25 48 24 0 0 36 7 0 9 0 30 44 0 32 40 26 16 12 0 11 15 45 28 5 6 49 0 8 4
0 23 0 7 0 48 19 16 0 45 11 12 35 0 0 1 44 41 40 30 9 0 43 0 33 0 0 0 4 8 49 0 47 6 28 46 0 34 10 42 18 25 0 3 20 17 14 39 29
0 34 18 10 0 22 46 47 0 4 8 28 6 0 7 0 19 0 23 37 24 0 9 40 44 0 32 30 43 2 27 33 0 38 31 3 0 13 20 39 17 29 0 0 35 15 16 11 0
0 1 46 40 30 0 32 29 20 39 17 14 13 5 31 0 38 27 21 19 2 4 8 0 6 49 0 44 0 0 33 0 45 12 16 7 24 48 23 0 0 36 0 0 34 26 0 0 42
0 48 3 23 37 24 7 45 35 11 15 16 12 0 0 0 32 0 0 46 0 43 0 21 38 27 31 0 8 49 44 0 4 0 47 10 0 22 34 18 26 42 14 20 13 5 29 17 0
0 0 5 13 0 29 0 0 0 0 27 21 31 19 34 0 10 0 22 26 0 24 0 48 7 37 23 3 0 0 46 32 9 40 1 35 0 16 12 15 0 11 0 0 28 44 0 49 8
42 22 26 34 18 0 0 4 6 0 0 47 0 44 23 24 0 0 48 3 36 9 0 0 32 30 40 46 0 0 19 38 43 31 21 0 29 0 13 0 5 0 16 35 12 0 45 15 11
0 21 0 31 27 43 38 25 10 42 18 0 34 26 28 0 6 49 0 44 8 45 11 16 0 15 12 33 39 0 0 20 29 13 14 0 0 0 40 30 0 41 48 0 23 3 24 37 0
8 47 0 28 0 4 6 24 7 36 0 48 0 3 0 0 35 15 16 0 11 0 0 14 20 0 13 5 42 18 26 10 0 34 22 38 0 0 0 0 0 2 1 32 40 0 9 30 41
11 0 0 0 15 45 35 0 0 0 30 1 40 46 0 29 20 0 14 0 39 0 0 0 10 18 34 26 0 37 3 7 24 23 0 6 4 47 28 49 0 8 0 38 31 19 43 27 2
16 35 11 26 45 0 18 40 49 1 0 0 0 0 3 13 37 29 20 39 14 34 22 0 30 25 46 42 48 0 0 0 23 19 7 17 28 6 5 4 8 0 38 0 33 2 0 43 0
21 38 0 0 43 0 0 0 30 22 25 0 0 0 0 0 0 4 0 8 47 12 16 35 18 45 0 11 14 29 0 0 13 3 20 0 40 32 44 0 41 0 7 27 0 36 23 0 0
48 7 0 19 24 0 27 12 18 16 45 0 0 11 44 40 49 0 32 41 1 31 0 38 15 43 0 0 47 4 8 17 0 0 6 30 34 0 46 25 42 0 20 37 0 39 13 29 14
14 20 0 3 29 0 37 31 15 0 43 38 33 2 46 34 30 0 10 42 0 0 48 7 0 0 0 0 0 9 0 49 40 0 32 18 0 35 26 45 0 16 6 17 5 8 28 4 0
0 32 41 44 9 40 0 13 37 14 29 20 3 39 0 31 15 43 38 0 21 0 0 6 0 4 0 8 0 45 0 18 0 0 35 27 23 7 19 24 0 48 10 0 46 42 34 25 0
0 6 8 5 0 0 17 23 27 48 24 0 19 0 0 12 18 45 35 11 0 13 14 20 0 0 3 0 22 25 0 30 0 46 10 15 0 38 33 43 0 21 32 49 44 41 40 9 1
22 10 42 0 0 34 30 28 17 47 4 6 5 8 19 23 27 24 7 0 48 0 0 32 0 0 44 41 0 43 0 15 31 33 38 37 13 0 3 29 39 14 0 18 26 11 12 45 0
37 0 20 0 3 36 0 11 0 15 33 45 0 0 1 41 0 46 9 0 30 0 0 43 31 0 21 0 49 44 32 28 0 0 4 34 42 25 22 26 35 0 0 13 14 6 0 5 17
0 29 6 0 0 39 13 2 31 27 19 0 21 7 0 42 34 26 25 35 18 0 37 24 23 0 0 20 30 46 0 40 41 1 0 12 11 45 16 33 0 15 4 28 47 32 0 44 49
0 45 38 0 33 0 0 41 40 30 46 9 0 0 0 39 13 0 0 6 17 42 18 25 34 26 22 35 0 3 20 23 36 48 24 0 8 0 47 0 32 0 0 0 21 7 0 19 27
0 0 0 1 0 41 40 39 13 17 0 29 14 0 21 2 31 0 43 7 27 8 0 0 28 44 47 32 15 33 38 12 0 16 45 0 36 24 48 0 20 37 0 34 22 35 0 0 18
49 4 32 0 44 8 0 36 0 37 3 24 48 20 16 11 12 33 0 0 15 39 0 29 13 5 14 6 18 26 35 0 42 22 25 31 2 43 21 19 7 0 0 0 0 10 41 46 30
27 43 7 21 19 0 31 0 0 18 26 25 22 35 47 0 28 44 4 32 49 11 15 0 12 0 16 0 0 0 0 13 39 14 29 40 41 0 0 46 10 30 0 0 48 20 36 3 37
18 25 35 0 26 0 34 8 28 0 44 4 47 32 0 0 23 3 24 20 37 41 30 9 0 46 1 10 27 19 7 0 0 21 43 13 39 29 14 5 6 17 45 0 16 38 11 0 15
6 17 47 39 0 0 0 19 43 7 23 0 2 48 42 0 25 12 18 0 35 3 20 37 24 0 0 14 10 0 22 0 46 41 0 0 33 15 0 31 21 38 49 4 0 0 44 40 0
0 0 22 41 34 46 0 0 29 6 28 17 39 0 0 19 43 0 27 48 7 44 32 49 4 0 8 1 38 31 21 45 33 0 0 24 3 37 36 13 14 20 18 0 42 16 26 12 35
7 27 0 0 23 0 0 26 0 0 12 0 42 16 0 0 4 0 0 1 32 33 38 15 0 31 11 21 6 0 0 29 5 39 0 0 46 30 41 34 0 10 37 24 36 0 0 13 20
20 0 14 36 13 3 0 33 45 38 31 15 0 21 0 0 9 34 30 0 10 19 0 27 0 0 2 0 0 40 0 0 44 8 49 0 26 0 42 12 16 0 0 29 39 0 5 28 6
32 49 0 8 40 44 4 0 24 0 13 0 36 14 11 33 0 0 0 0 38 0 6 17 29 0 39 47 35 12 0 0 0 42 18 0 19 27 0 23 0 0 0 0 0 0 0 34 10
0 18 0 42 12 0 25 44 0 0 40 49 0 1 0 3 24 0 37 14 20 46 10 30 0 34 41 0 7 23 0 0 19 0 0 29 5 0 0 28 47 0 15 45 11 21 33 31 38
38 15 21 11 0 0 0 46 0 10 0 30 0 22 39 5 29 28 17 47 0 26 35 18 25 12 0 16 20 0 14 24 3 36 0 4 44 49 8 40 1 32 27 43 0 48 0 0 7
19 2 0 0 7 27 21 18 22 26 35 42 25 12 0 49 47 32 0 40 44 15 0 11 16 0 45 31 5 6 0 14 17 29 39 1 30 41 9 10 0 46 36 48 24 0 37 0 3
3 0 0 0 20 0 0 15 16 33 38 11 0 0 9 30 1 0 41 34 46 0 19 2 0 0 43 23 44 0 0 47 0 0 8 22 18 42 25 35 12 0 39 0 29 28 17 0 5
0 41 0 9 0 30 1 17 0 5 6 39 29 28 43 27 21 0 2 0 19 49 44 8 47 32 4 40 0 0 31 0 15 45 11 48 37 0 24 20 0 0 0 22 25 12 0 35 26
0 11 31 0 0 15 16 0 1 0 10 41 0 34 29 17 14 6 39 28 5 18 0 42 0 35 25 12 0 20 13 48 37 24 36 0 49 8 4 32 40 44 2 21 0 23 27 7 0
26 0 12 0 35 0 22 49 47 44 0 8 4 40 0 0 0 20 0 0 3 0 46 41 1 10 9 0 19 7 23 21 0 43 2 0 17 0 29 0 28 5 11 16 45 0 0 38 33
0 0 28 29 6 0 14 27 0 19 7 2 43 0 25 18 22 35 42 12 26 37 3 0 48 0 24 0 46 10 34 1 0 9 41 16 15 11 0 38 0 0 8 47 4 0 49 32 44
44 8 0 4 32 49 0 37 48 3 20 36 24 0 45 15 16 38 11 31 0 0 5 39 14 0 29 0 26 0 0 22 18 0 0 0 27 2 43 7 0 0 41 1 0 34 30 10 46
