6 9 25 21 0 1 0 0 0 0 0 0 7 0 0 0 0 14 16 0 10 3 23 0 0
0 8 20 0 19 0 14 16 0 0 4 9 0 25 6 0 12 0 0 0 0 0 13 11 18
5 16 14 0 22 12 0 23 0 0 19 8 0 0 0 2 0 18 0 0 0 0 0 0 25
11 0 0 0 2 0 0 0 0 0 10 0 3 17 0 0 0 0 0 0 0 15 16 0 0
12 23 17 0 0 11 0 13 0 0 0 0 15 0 5 4 0 25 9 0 19 0 0 1 0
0 0 0 8 0 18 0 5 15 16 21 6 9 0 14 0 25 0 12 23 0 13 11 0 0
20 0 0 13 7 0 4 0 0 0 0 0 0 0 0 0 17 19 1 0 15 16 5 0 0
0 6 0 0 0 0 0 0 0 8 0 0 0 0 0 0 0 0 5 16 3 23 12 25 10
0 0 0 23 0 0 0 0 7 0 15 0 0 0 0 0 14 0 6 9 24 0 1 17 0
18 5 0 0 15 0 0 0 0 0 0 0 0 19 0 0 0 2 11 0 0 9 0 0 4
4 25 0 0 23 0 7 20 0 0 16 0 0 0 0 0 0 21 0 6 8 1 0 0 24
0 0 7 11 13 22 0 0 0 6 23 25 12 3 4 8 0 0 0 1 16 5 0 2 15
0 17 24 0 0 2 15 18 0 0 9 0 6 0 22 23 4 0 0 12 0 0 0 19 7
22 14 0 6 0 10 24 0 0 0 0 20 11 0 0 16 0 0 0 5 23 0 0 4 3
2 18 15 5 16 4 3 25 23 12 0 0 0 24 10 13 0 7 20 11 9 6 14 0 21
23 0 0 0 0 0 5 7 18 0 0 0 0 6 0 0 9 12 0 4 0 19 24 0 11
0 0 12 4 25 8 0 0 20 19 0 0 2 5 0 0 0 0 0 0 17 0 0 0 1
13 0 5 2 0 0 0 21 0 0 17 3 0 1 23 0 8 11 24 19 0 0 0 16 0
0 24 0 19 0 0 6 15 0 0 0 21 4 12 9 17 0 1 0 10 0 0 0 0 5
0 0 0 0 14 0 0 3 0 0 20 24 0 0 0 0 0 0 7 2 0 0 0 0 12
21 4 0 0 12 0 13 0 0 0 0 0 18 0 0 0 15 0 0 0 0 0 0 3 8
24 19 13 20 0 15 0 0 6 0 0 4 0 23 0 0 0 0 10 0 0 18 0 7 0
0 0 0 0 5 21 0 0 0 25 0 10 17 0 3 0 0 0 0 20 6 14 22 0 0
0 0 9 0 0 3 0 0 1 0 0 0 20 0 24 5 7 0 0 18 12 0 4 0 0
3 10 8 0 1 0 0 0 0 18 6 0 0 9 15 12 0 23 4 25 11 20 0 0 0
