13 0 31 28 15 4 11 2 6 0 30 0 17 16 0 7 21 25 29 3 0 0 0 22 0 26 0 20 14 24 1 36 12 23 27 0
9 24 26 0 14 5 27 0 12 8 36 1 2 34 11 30 19 6 0 31 28 13 15 35 0 0 18 0 32 22 21 7 25 0 33 16
16 0 21 17 0 7 0 10 22 18 0 3 0 9 14 5 0 0 36 1 23 8 27 0 30 19 0 2 0 6 0 4 0 28 15 13
18 22 3 10 32 29 0 17 0 0 7 21 23 8 27 0 1 12 5 26 0 0 0 24 4 31 13 0 15 0 0 30 6 2 11 34
8 0 1 23 27 36 14 20 24 0 0 0 0 13 0 0 31 35 30 19 0 34 11 6 0 0 16 17 0 25 0 29 22 0 32 18
34 6 19 2 11 0 15 0 0 13 4 0 0 0 32 29 3 22 7 0 17 16 33 25 0 0 8 23 27 0 26 5 24 0 0 9
0 23 0 18 1 0 0 0 20 0 0 0 8 12 31 27 36 28 14 5 9 24 19 2 0 4 35 13 21 17 30 11 10 34 3 6
0 28 36 8 31 27 0 9 2 24 14 5 13 35 21 0 0 17 11 30 34 0 3 10 33 7 25 16 26 20 29 0 23 18 1 0
24 2 5 9 19 0 31 0 28 12 27 0 34 6 3 11 0 10 15 4 0 35 21 0 0 29 22 18 1 23 7 0 20 0 26 25
0 0 0 0 21 15 3 34 0 6 11 30 16 25 26 33 7 20 32 29 0 0 0 23 14 5 0 9 19 2 0 0 28 8 31 12
6 10 0 34 0 0 21 13 17 35 0 0 18 22 0 32 29 0 33 0 16 0 0 20 27 0 12 0 0 0 0 14 2 9 19 24
25 20 7 16 0 0 0 18 0 0 32 29 9 0 19 14 5 2 27 0 8 12 31 28 0 30 6 34 0 0 0 15 0 13 0 35
0 29 0 11 22 18 25 0 0 21 16 0 32 1 12 8 0 0 9 0 33 26 24 5 13 28 0 27 35 4 2 0 30 0 0 19
19 30 2 14 6 34 35 27 4 31 0 28 11 0 0 18 10 29 16 0 15 21 25 7 8 0 1 32 12 36 0 9 5 33 24 26
26 5 20 33 24 9 12 32 36 0 8 23 0 19 0 34 0 0 13 28 27 0 0 4 0 0 3 11 22 0 17 16 7 0 25 21
31 4 28 27 35 13 6 14 0 0 34 0 0 21 25 0 0 7 18 10 11 0 22 29 9 20 26 33 24 5 23 0 36 32 0 1
1 36 23 0 12 8 24 33 0 0 9 0 27 31 35 0 0 4 34 0 14 0 6 30 0 17 21 0 25 7 10 18 29 0 22 3
0 0 17 15 25 16 22 11 29 3 18 0 33 26 24 9 0 5 8 23 32 1 12 36 34 2 0 14 6 30 28 0 4 0 0 31
20 9 0 0 5 26 36 0 0 23 0 32 24 2 30 19 14 0 0 27 12 28 4 0 3 11 10 0 29 18 0 21 0 0 7 17
0 18 11 6 29 3 7 35 16 0 0 15 22 23 36 1 32 8 26 33 25 20 5 0 31 27 28 0 4 13 14 0 34 24 30 0
0 0 0 0 0 1 5 25 0 0 0 0 12 28 4 31 27 13 19 0 0 2 30 34 21 15 17 35 7 0 0 3 18 6 0 10
2 0 14 24 30 19 4 12 0 28 31 27 6 10 29 3 11 0 0 15 35 17 7 16 0 0 23 22 36 8 33 26 0 25 0 0
17 16 15 35 0 21 0 6 0 10 3 11 0 0 0 26 0 9 0 32 0 0 0 0 19 14 2 24 0 0 27 31 13 0 0 28
28 13 0 12 0 31 30 24 0 2 0 14 35 17 7 0 0 16 3 11 6 10 29 0 26 33 20 0 5 0 0 1 8 22 36 23
32 1 22 29 8 23 0 7 26 33 20 25 0 27 0 0 0 0 0 24 5 14 34 19 17 35 0 4 16 21 6 0 0 30 18 11
0 0 24 5 34 2 13 0 31 27 28 12 0 0 18 10 6 3 17 35 0 15 16 21 0 0 32 29 0 0 25 20 26 0 9 0
33 26 25 7 0 20 0 0 0 32 23 22 5 14 0 0 0 19 28 12 0 27 0 31 10 6 11 30 18 0 0 17 0 4 16 0
0 0 6 30 0 10 16 4 0 0 17 35 29 32 8 23 0 1 20 25 0 0 0 0 0 12 0 36 13 0 24 0 0 0 34 14
0 21 0 4 0 0 18 0 3 11 10 6 7 33 0 20 0 26 23 22 29 0 8 1 2 0 0 5 34 0 12 28 0 0 13 27
27 0 12 36 0 0 34 5 19 14 0 0 4 15 16 17 35 21 10 6 30 11 0 3 20 25 33 0 9 26 0 23 0 29 8 32
0 0 9 26 2 24 28 1 27 0 12 8 0 30 10 6 34 11 0 13 31 0 17 15 22 18 29 3 23 32 16 25 33 0 20 0
30 11 34 19 10 6 17 0 0 4 35 13 3 29 23 0 18 32 0 16 21 7 20 33 12 8 36 1 28 27 0 0 0 26 2 0
29 32 18 3 23 0 0 21 33 0 25 16 1 36 28 12 8 0 0 9 26 5 0 14 35 13 4 31 0 0 34 6 0 19 10 30
4 15 0 31 17 0 0 19 11 0 6 34 21 0 20 25 0 33 22 18 3 29 23 32 24 9 5 26 0 14 0 12 0 0 0 0
7 33 16 21 20 25 23 3 32 29 22 18 26 0 0 24 9 14 12 8 1 0 0 0 0 34 0 0 0 11 13 0 15 0 0 4
36 0 0 1 28 12 0 26 14 5 24 0 0 4 0 35 13 15 6 0 19 30 10 11 25 16 7 21 20 0 18 0 0 0 0 0
