0 0 13 3 11 0 5 2 14 0 0 0 0 7 0 0
0 0 0 0 0 0 0 0 0 16 0 5 14 0 0 0
2 0 0 0 0 12 0 9 0 3 0 0 11 0 0 0
0 1 0 0 0 0 0 0 0 0 8 11 6 0 0 0
9 0 2 12 0 0 0 5 0 0 0 0 0 1 0 0
0 3 16 4 0 1 2 0 0 0 0 15 0 0 8 0
10 11 0 5 4 0 0 0 0 1 3 0 0 0 0 0
15 0 0 1 0 0 0 0 10 0 14 16 0 0 0 0
0 0 0 0 0 0 0 0 0 0 0 0 0 0 0 0
0 0 0 0 0 0 0 0 11 0 5 0 2 0 0 0
0 0 0 0 0 0 0 0 13 0 0 0 0 5 0 0
3 0 11 0 0 2 0 0 4 0 10 14 15 0 12 0
0 0 0 0 0 4 7 0 15 0 0 6 0 0 0 0
0 0 0 0 0 14 9 0 2 5 7 10 0 0 0 0
14 7 0 15 0 0 0 10 0 0 12 0 0 0 0 8
13 12 0 6 0 5 0 1 16 0 0 9 0 0 2 11
